0,462
0,458
0,457
0,451
44,0
43,3
43,2
43,1
43,0
42,7
42,6
42,5
42,4
42,3
42,2
42,1
42,0
41,4
41,3
41,2
41,1
41,0
40,4
40,3
40,2
40,1
40,0
39,4
39,3
39,2
39,1
39,0
38,4
38,3
38,2
38,1
38,0
37,5
37,4
37,3
37,2
37,1
37,0
36,4
36,3
36,2
36,1
36,0
35,3
35,2
35,1
35,0
34,3
34,2
34,1
34,0
33,3
33,2
33,1
33,0
32,3
32,2
32,1
32,0
31,3
31,2
31,1
31,0
30,3
30,2
30,1
30,0
29,3
29,2
29,1
29,0
28,5
28,4
28,3
28,2
28,1
28,0
27,5
27,4
27,3
27,2
27,1
27,0
26,4
26,3
26,2
26,1
26,0
25,4
25,3
25,2
25,1
25,0
24,5
24,4
24,3
24,2
24,1
24,0
23,3
23,2
23,1
23,0
22,4
22,3
22,2
22,1
22,0
21,4
21,3
21,2
21,1
21,0
20,4
20,3
20,2
20,1
20,0
19,6
19,5
19,4
19,3
19,2
19,1
19,0
18,3
18,2
18,1
18,0
17,3
17,2
17,1
17,0
16,3
16,2
16,1
16,0
15,3
15,2
15,1
15,0
14,4
14,3
14,2
14,1
14,0
13,3
13,2
13,1
13,0
12,5
12,4
12,3
12,2
12,1
12,0
11,4
11,3
11,2
11,1
11,0
10,6
10,5
10,4
10,3
10,2
10,1
10,0
9,4
9,3
9,2
9,1
9,0
8,4
8,3
8,2
8,1
8,0
7,4
7,3
7,2
7,1
7,0
6,5
6,4
6,3
6,2
6,1
6,0
4,3
2,16
2,15
2,14
2,13
2,12
2,11
2,10
2,9
2,8
2,7
2,6
2,5
2,4
2,3
2,2
2,1
2,0
1,3
0,511
0,490
0,466
0,446
0,445
0,443
0,442
0,439
0,389
0,360
0,243
0,9
0,1
44,1
44,2
44,4
44,5
44,7
45,0
45,2
46,0
46,1
46,3
46,4
47,1
47,3
48,0
48,2
48,3
49,1
49,2
49,4
50,1
50,2
50,4
50,5
51,1
51,3
51,4
52,1
52,2
52,4
52,5
53,1
53,3
53,4
54,1
54,2
54,4
54,6
54,7
54,9
55,0
55,2
55,3
56,0
56,2
56,3
56,5
57,0
57,2
57,4
58,0
58,2
58,3
59,0
59,2
59,3
60,0
60,1
60,3
60,4
61,1
61,3
61,4
61,6
61,7
62,0
62,2
62,3
62,5
62,6
64,1
64,2
64,4
65,1
65,2
65,4
66,0
66,2
66,4
67,0
67,2
67,3
67,5
67,6
68,1
68,3
69,0
69,2
69,3
70,0
70,2
70,3
70,5
71,0
71,2
72,0
72,1
72,3
72,4
72,6
73,0
73,2
73,4
74,0
74,2
74,3
74,5
75,0
75,1
75,3
76,0
76,2
76,3
77,0
77,2
77,3
78,0
78,1
78,3
79,0
79,1
79,3
79,4
80,0
80,1
80,3
81,0
81,1
81,3
81,4
81,6
82,1
82,2
82,4
83,0
83,2
83,3
84,0
84,2
84,3
85,0
85,1
85,3
86,0
86,1
86,3
86,4
87,1
87,3
87,4
88,1
88,2
88,4
89,0
89,2
89,4
90,0
90,2
90,3
91,0
91,2
91,3
92,0
92,1
92,3
92,4
93,0
93,2
93,3
94,1
94,2
95,0
95,2
95,3
95,5
96,0
96,2
96,3
97,0
97,2
97,3
98,0
98,1
98,3
99,0
99,1
99,3
99,4
100,1
100,3
100,4
101,1
101,2
101,4
101,5
102,1
102,3
102,4
103,1
103,2
103,4
104,0
104,1
104,3
104,4
105,0
105,1
105,3
105,5
106,0
106,2
106,3
107,1
107,3
108,0
108,2
108,3
109,0
109,1
109,3
110,0
110,1
110,3
110,4
111,1
111,3
111,4
112,1
112,2
113,0
113,1
113,3
114,0
114,1
114,3
114,4
115,0
115,2
115,3
116,0
116,1
116,3
116,5
116,6
116,8
117,0
117,2
117,3
118,1
118,3
118,4
118,6
118,7
119,1
119,3
119,4
120,0
120,1
120,3
121,0
121,2
121,4
122,0
122,2
122,3
123,1
123,3
123,4
124,1
124,2
125,0
125,1
125,3
125,5
126,0
126,2
126,3
127,0
127,2
127,3
128,0
128,1
128,3
129,0
129,1
129,3
129,4
130,1
130,2
130,4
131,1
131,2
132,0
132,1
132,3
132,5
133,0
133,2
133,3
133,5
133,6
134,0
134,2
134,3
135,0
135,1
135,3
136,0
136,1
136,3
137,0
137,2
137,3
137,5
138,0
138,1
138,3
138,4
139,0
139,2
139,3
140,1
140,2
140,4
141,0
141,1
141,3
141,4
142,0
142,1
142,3
143,0
143,1
143,3
143,4
144,1
144,3
144,4
145,0
145,1
145,3
145,4
146,0
146,2
146,3
147,0
147,1
147,3
148,0
148,1
148,3
148,4
149,0
149,1
149,3
150,0
150,1
150,3
150,4
150,6
150,8
150,9
151,0
151,1
151,3
151,4
152,0
152,2
152,3
153,0
153,1
153,3
154,1
154,2
154,4
155,0
155,2
155,4
156,0
156,2
156,3
157,1
157,2
157,4
158,1
158,2
158,4
159,0
159,2
159,4
160,0
160,2
160,3
160,5
161,0
161,2
161,4
161,5
161,7
162,0
162,2
162,4
163,0
163,2
163,3
163,5
163,6
166,1
166,3
166,4
166,2
166,0
163,4
163,1
162,3
162,1
161,6
161,3
161,1
160,4
160,1
159,3
159,1
158,3
158,0
157,3
157,0
156,1
155,3
155,1
154,3
154,0
153,2
152,4
152,1
151,5
151,2
150,10
150,7
150,5
150,2
149,4
149,2
148,5
148,2
147,4
147,2
146,4
146,1
145,5
145,2
144,5
144,2
144,0
143,2
142,4
142,2
141,5
141,2
140,5
140,3
140,0
139,1
138,5
138,2
137,6
137,4
137,1
136,2
135,4
135,2
134,4
134,1
133,7
133,4
133,1
132,4
132,2
131,3
131,0
130,3
130,0
129,2
128,4
128,2
127,4
127,1
126,4
126,1
125,4
125,2
124,3
124,0
123,2
123,0
122,1
121,3
121,1
120,2
119,5
119,2
119,0
118,5
118,2
118,0
117,1
116,7
116,4
116,2
115,4
115,1
114,5
114,2
113,4
113,2
112,3
112,0
111,2
111,0
110,2
109,4
109,2
108,4
108,1
107,2
107,0
106,1
105,4
105,2
104,5
104,2
103,5
103,3
103,0
102,2
102,0
101,3
101,0
100,2
100,0
99,2
98,4
98,2
97,4
97,1
96,4
96,1
95,4
95,1
94,3
94,0
93,1
92,5
92,2
91,4
91,1
90,4
90,1
89,3
89,1
88,3
88,0
87,2
87,0
86,2
85,4
85,2
84,4
84,1
83,4
83,1
82,3
82,0
81,5
81,2
80,4
80,2
79,5
79,2
78,4
78,2
77,4
77,1
76,4
76,1
75,2
74,6
74,4
74,1
73,3
73,1
72,5
72,2
71,3
71,1
70,4
70,1
69,4
69,1
68,2
68,0
67,4
67,1
66,3
66,1
65,3
65,0
64,3
64,0
62,4
62,1
61,8
61,5
61,2
61,0
60,2
59,4
59,1
58,4
58,1
57,3
57,1
56,4
56,1
55,4
55,1
54,8
54,5
54,3
54,0
53,2
53,0
52,3
52,0
51,2
51,0
50,3
50,0
49,3
49,0
48,1
47,2
47,0
46,2
45,3
45,1
44,6
44,3
0,447
0,441
0,300
0,299
0,298
0,297
0,296
0,295
0,294
0,293
0,292
0,291
0,290
0,289
0,288
0,287
0,286
0,285
0,284
0,283
0,282
0,281
0,280
0,279
0,278
0,277
0,276
0,275
0,274
0,273
0,272
0,271
0,270
0,269
0,268
0,267
0,266
0,265
0,264
0,263
0,262
0,261
0,260
0,259
0,258
0,257
0,256
0,255
0,254
0,253
0,252
0,251
0,250
0,249
0,248
0,247
0,246
0,245
0,244
0,242
0,452
0,241
0,240
0,239
0,238
0,237
0,236
0,235
0,234
0,456
0,233
0,232
0,231
0,230
0,229
0,228
0,227
0,226
0,225
0,224
0,223
0,222
0,221
0,220
0,219
0,218
0,217
0,216
0,215
0,214
0,213
0,212
0,211
0,453
0,210
0,209
0,208
0,207
0,206
0,205
0,204
0,203
0,202
0,201
0,200
0,199
0,198
0,197
0,196
0,195
0,194
0,193
0,192
0,63
0,62
0,61
0,60
0,59
0,58
0,57
0,56
0,55
0,54
0,53
0,52
0,51
0,50
0,49
0,48
0,461
0,47
0,460
0,46
0,459
0,45
0,6
0,0
0,5
0,304
0,303
0,306
0,305
0,302
0,444
0,12
0,359
0,10
0,8
0,440
0,11
0,4
0,2
0,3
0,7
